ISS (ZARYA)             
1 25544U 98067A   21127.19945859  .00000523  00000-0  17665-4 0  9992
2 25544  51.6441 185.4559 0002803 329.9462 127.3881 15.48981972282240
KESTREL EYE IIM (KE2M)  
1 42982U 98067NE  21126.90846118  .00043752  11863-4  14692-3 0  9993
2 42982  51.6277  51.6532 0000638 143.0371 217.0679 15.90878891202139
DELLINGR (RBLE)         
1 43021U 98067NJ  21126.88038198  .00138394  19450-4  24885-3 0  9998
2 43021  51.6252  44.6390 0002913 155.1108 205.0044 16.01348838197997
TEMPEST-D               
1 43547U 98067NV  21126.88832877  .00050689  12186-4  15187-3 0  9991
2 43547  51.6295  99.1385 0004393  92.4722 267.6788 15.92865974160358
AEROCUBE 12A            
1 43556U 18046C   21126.84036729  .00001904  00000-0  73470-4 0  9992
2 43556  51.6415 349.9933 0007791  19.6045 340.5234 15.31551064156909
AEROCUBE 12B            
1 43557U 18046D   21126.91937493  .00000833  00000-0  39500-4 0  9995
2 43557  51.6416 351.2404 0007987  18.9649 341.1628 15.30987318156840
LEMUR-2-VU              
1 43558U 18046E   21126.85961307  .00003108  00000-0  10566-3 0  9998
2 43558  51.6416 342.8048 0007050  26.4024 333.7316 15.33578126156996
LEMUR-2-ALEXANDER       
1 43559U 18046F   21126.85194475  .00002865  00000-0  97566-4 0  9998
2 43559  51.6416 342.0242 0006996  26.2558 333.8778 15.33821284156789
LEMUR-2-YUASA           
1 43560U 18046G   21126.89161830  .00002627  00000-0  91270-4 0  9995
2 43560  51.6411 343.0141 0007373  39.4404 320.7113 15.33518806156995
LEMUR-2-TOMHENDERSON    
1 43561U 18046H   21126.89963600  .00002224  00000-0  79721-4 0  9991
2 43561  51.6414 343.8013 0007615  35.8261 324.3230 15.33219376156546
1998-067PN              
1 43638U 98067PN  21126.52179109  .00031586  00000-0  16977-3 0  9996
2 43638  51.6307 102.7217 0002530 100.9109 259.2177 15.79937562147423
STARS-ME                
1 43640U 98067PQ  21126.31480827  .00099145  14858-4  29967-3 0  9996
2 43640  51.6252  90.5971 0004023 106.4817 253.6632 15.92083371147577
ISS DEB (SEDA-AP)       
1 43870U 98067PU  21126.45379726  .00004746  00000-0  59599-4 0  9999
2 43870  51.6346 143.0419 0003177 160.1512 199.9606 15.61840692135062
UNITE                   
1 44031U 98067PX  21126.24853655  .00027911  00000-0  18417-3 0  9996
2 44031  51.6367 122.8575 0001491  79.7598 280.3570 15.75384805129016
ISS DEB                 
1 44303U 98067QA  21126.67581708  .00004339  00000-0  61501-4 0  9994
2 44303  51.6378 162.7154 0005385  84.1122 276.0484 15.58817917110095
ISS DEB                 
1 44306U 98067QD  21126.65059317  .00005749  00000-0  77752-4 0  9992
2 44306  51.6366 162.4469 0006606  81.7830 278.3912 15.59369669110107
RAAVANA-1               
1 44329U 98067QE  21126.42567851  .00031215  00000-0  22245-3 0  9992
2 44329  51.6324 141.3926 0004514  88.0800 272.0715 15.73523524107536
UGUISU                  
1 44330U 98067QF  21126.41064950  .00030503  00000-0  22123-3 0  9999
2 44330  51.6309 141.9607 0004562  88.3524 271.7997 15.73123839107502
NEPALISAT-1             
1 44331U 98067QG  21126.41941644  .00031205  00000-0  22296-3 0  9995
2 44331  51.6298 141.2666 0004333  89.6578 270.4917 15.73463384107529
SPOOQY-1                
1 44332U 98067QH  21126.92408874  .00029845  00000-0  21976-3 0  9996
2 44332  51.6315 139.4249 0003872  88.7049 271.4393 15.72781964107554
RED-EYE 1 (PINOT)       
1 44364U 98067QJ  21126.37998364  .00004064  00000-0  58176-4 0  9997
2 44364  51.6382 165.2276 0006708  80.5042 279.6708 15.58741698105624
KRAKSAT                 
1 44427U 98067QM  21126.66610247  .00016763  00000-0  16848-3 0  9998
2 44427  51.6384 152.6699 0004114  65.9610  39.3417 15.65589258104922
VCC A                   
1 44428U 98067QN  21126.30414351  .00026202  00000-0  20331-3 0  9999
2 44428  51.6342 145.9166 0004106  58.3038 301.8360 15.71615253104984
ENTRYSAT                
1 44429U 98067QP  21126.54950546  .00054314  00000-0  30113-3 0  9991
2 44429  51.6291 136.8813 0005036  56.1520 303.9960 15.78982618105126
VCC C                   
1 44430U 98067QQ  21126.27218112  .00476600  11909-3  62697-3 0  9990
2 44430  51.6171 125.0750 0005152  55.1651 304.9845 16.06235620104070
VCC B                   
1 44431U 98067QR  21126.33525525  .00028749  00000-0  21820-3 0  9994
2 44431  51.6311 145.2886 0004257  58.9045 301.2370 15.72084814104931
ISS DEB                 
1 44788U 98067QT  21126.41248598  .00358320  65004-4  70887-3 0  9997
2 44788  51.6238 141.9057 0007434  51.1977 308.9696 15.99384882 84014
ISS DEB                 
1 44789U 98067QU  21126.52539853  .00130750  00000-0  47783-3 0  9992
2 44789  51.6274 146.5194 0007502  50.4107 309.7559 15.87453914 83950
RWASAT-1                
1 44790U 98067QV  21126.69180637  .00011780  00000-0  15478-3 0  9991
2 44790  51.6370 169.3055 0006578 124.0754 336.0186 15.58964942 82938
AQT-D                   
1 44791U 98067QW  21126.64549482  .00007281  00000-0  97834-4 0  9992
2 44791  51.6385 170.0418 0006166  98.3954 261.7738 15.59069971 82920
NARSSCUBE-1             
1 44792U 98067QX  21126.39459195  .00015181  00000-0  15995-3 0  9991
2 44792  51.6360 164.5211 0003760  95.7229 264.4195 15.64482200 82978
STPSAT-4                
1 45043U 98067QY  21126.45919822  .00003807  00000-0  65624-4 0  9993
2 45043  51.6401 182.9628 0005252 113.0941 247.0604 15.53736592 71977
HARP                    
1 45256U 98067QZ  21126.63185348  .00007404  00000-0  10353-3 0  9992
2 45256  51.6410 175.9268 0006414 105.2897 254.8804 15.57960103 68750
1998-067RA              
1 45257U 98067RA  21126.58494953  .00006432  00000-0  94389-4 0  9994
2 45257  51.6389 177.0665 0006824 108.9813 251.1919 15.56904176 68735
PHOENIX                 
1 45258U 98067RB  21126.56345520  .00005667  00000-0  87129-4 0  9991
2 45258  51.6391 178.4086 0005842  89.8772 270.2888 15.55885356 68689
1998-067RC              
1 45259U 98067RC  21126.53738711  .00011736  00000-0  14710-3 0  9996
2 45259  51.6383 173.7466 0005678  99.6006 260.5629 15.60230566 68775
CRYOCUBE                
1 45260U 98067RD  21126.66818160  .00018903  00000-0  22009-3 0  9992
2 45260  51.6373 172.3696 0005704  92.8421 267.3226 15.61712253 68814
AZTECHSAT-1             
1 45261U 98067RE  21126.57084131  .00016241  00000-0  17962-3 0  9991
2 45261  51.6361 170.2025 0005578  94.4170 265.7461 15.63170805 68820
RADSAT-U                
1 45262U 98067RF  21126.54756807  .00007270  00000-0  10452-3 0  9994
2 45262  51.6415 176.8643 0004976 141.3530 218.7819 15.57238669 68744
QARMAN                  
1 45263U 98067RG  21126.39654425  .00012030  00000-0  15146-3 0  9996
2 45263  51.6382 175.0522 0005816  95.2021 264.9636 15.60082229 68777
SORTIE                  
1 45264U 98067RH  21126.61711358  .00004274  00000-0  71069-4 0  9999
2 45264  51.6409 180.3021 0007164 115.8881 244.2849 15.54406000 68690
ICS-EF (ISS DEB)        
1 45265U 98067RJ  21126.62824609  .00002264  00000-0  44362-4 0  9998
2 45265  51.6407 184.0824 0005406 115.2360 244.9191 15.52141729 68323
G-SAT                   
1 45597U 98067RK  21126.57696497  .00006873  00000-0  10019-3 0  9993
2 45597  51.6395 178.5275 0002888 165.6414 194.4660 15.56963848 58085
QUETZAL-1               
1 45598U 98067RL  21126.39091825  .00009480  00000-0  12884-3 0  9997
2 45598  51.6396 178.7819 0000308 223.9823 136.1145 15.58343543 57996
RED-EYE 2 (MERLOT)      
1 45800U 98067RM  21126.40595124  .00003102  00000-0  56246-4 0  9992
2 45800  51.6411 184.8744 0001197 107.1750 252.9371 15.52981748 50152
RED-EYE 3 (CABERNET)    
1 45809U 98067RN  21126.66370386  .00003017  00000-0  54917-4 0  9998
2 45809  51.6411 183.5961 0001469  99.5393 260.5763 15.52984511 49178
DEMI                    
1 45916U 98067RP  21126.49968925  .00009343  00000-0  13167-3 0  9999
2 45916  51.6401 180.2685 0003299  48.1843 311.9430 15.57383323 46196
SPOC                    
1 46921U 98067RR  21126.65933076  .00004853  00000-0  81862-4 0  9992
2 46921  51.6416 184.3328 0001935 309.3657  50.7162 15.53649339 28365
BOBCAT-1                
1 46922U 98067RS  21126.45780143  .00007321  00000-0  11402-3 0  9991
2 46922  51.6424 184.5004 0002040 323.7562  36.3290 15.55018323 28290
NEUTRON-1               
1 46923U 98067RT  21126.41422720  .00005007  00000-0  84607-4 0  9999
2 46923  51.6414 185.6935 0002090 322.2906  37.7937 15.53523732 28359
1998-067RU              
1 46924U 98067RU  21126.45232334  .00013793  00000-0  18812-3 0  9999
2 46924  51.6398 182.9431 0003550 354.6213   5.4741 15.57804825 28347
LEMUR-2-BAXTER-OLIVER   
1 46925U 98067RV  21126.60968610  .00013987  00000-0  18589-3 0  9996
2 46925  51.6419 181.7707 0003236   1.6593 358.4410 15.58487861 28359
LEMUR-2-DJARA           
1 46926U 98067RW  21126.63997923  .00012644  00000-0  17327-3 0  9997
2 46926  51.6422 181.9700 0002084 356.8573   3.2406 15.57769899 28377
DESCENT                 
1 46927U 98067RX  21126.41852820  .00004954  00000-0  83872-4 0  9994
2 46927  51.6414 185.7200 0002535 339.1205  20.9681 15.53496744 28264
PROGRESS-MS 16          
1 47618U 21011A   21126.49173370  .00000226  00000-0  12268-4 0  9990
2 47618  51.6447 188.9595 0002784 326.3053 141.9131 15.48979897282136
CYGNUS NG-15            
1 47689U 21013A   21126.49173370  .00000226  00000-0  12268-4 0  9990
2 47689  51.6447 188.9595 0002784 326.3053 141.9131 15.48979897282134
ISS DEB                 
1 47853U 98067RZ  21126.39712758  .00000980  00000-0  25653-4 0  9993
2 47853  51.6443 189.3126 0002392 306.0155  54.0612 15.49352264  8746
RSP-01                  
1 47925U 98067SB  21126.42819202  .00005556  00000-0  10234-3 0  9991
2 47925  51.6423 188.7731 0001508 261.1945  98.8874 15.50807304  8259
TAUSAT-1                
1 47926U 98067SC  21126.41649639  .00006073  00000-0  10930-3 0  9994
2 47926  51.6421 188.6955 0002628 256.5886 103.4811 15.51287322  8247
TSURU                   
1 47927U 98067SD  21126.68707452  .00004829  00000-0  90237-4 0  9998
2 47927  51.6424 187.5021 0001538 255.7527 104.3291 15.50724778  8292
STARS-EC                
1 47928U 98067SE  21126.68899409  .00005108  00000-0  95202-4 0  9991
2 47928  51.6418 187.5120 0006199 324.8688  35.1891 15.50666252  8277
MMSATS-1                
1 47976U 98067SJ  21126.97624650  .00002806  00000-0  57981-4 0  9994
2 47976  51.6434 186.4207 0001910 306.9778  53.1035 15.49544869  7118
SOYUZ-MS 18             
1 48159U 21029A   21126.49173370  .00000226  00000-0  12268-4 0  9990
2 48159  51.6447 188.9595 0002784 326.3053 141.9131 15.48979897282137
CREW DRAGON 2           
1 48209U 21030A   21126.49173370  .00000226  00000-0  12268-4 0  9998
2 48209  51.6447 188.9595 0002784 326.3053 141.9131 15.48979897282133
TIANHE                  
1 48274U 21035A   21126.59134125  .00001534  00000-0  17497-4 0  9993
2 48274  41.4708 177.9553 0024149 234.1937 253.9909 15.66685211  1174
CZ-5B R/B               
1 48275U 21035B   21127.17561173  .02744179  77389-5  33013-3 0  9997
2 48275  41.4682 171.1343 0074672 232.3133 127.4958 16.26502733  1277
